IMG_X=1280
IMG_Y=960
PIXSCALE=48.6217403472
DB_REDUNDANCY=1
DOUBLE_STAR_PX=3.5
REQUIRED_STARS=5
MAX_FALSE_STARS=2
BASE_FLUX=762.6865567280787
THRESH_FACTOR=5
IMAGE_VARIANCE=4.119253134086967
POS_ERR_SIGMA=2
POS_VARIANCE=0.3370558115327338
APERTURE=60.7
EXPOSURE_TIME=0.03
